"","SCO","RD","POS","LS","UI","UC","DI","DC"
"SCO",1,0.218,0.386,0.188,0.296,0.26,0.305,0.177
"RD",0.218,1,-0.215,-0.636,-0.415,0.632,0.439,0.174
"POS",0.386,-0.215,1,0.627,0.287,-0.044,-0.074,0.18
"LS",0.188,-0.636,0.627,1,0.523,-0.342,-0.237,-0.004
"UI",0.296,-0.415,0.287,0.523,1,-0.324,-0.04,0.104
"UC",0.26,0.632,-0.044,-0.342,-0.324,1,0.468,0.059
"DI",0.305,0.439,-0.074,-0.237,-0.04,0.468,1,0.251
"DC",0.177,0.174,0.18,-0.004,0.104,0.059,0.251,1
