"","SCO","RD","POS","LS","UI","UC","DI","DC"
"SCO",1,0.471,0.403,0.148,0.212,0.272,0.467,0.43
"RD",0.471,1,0.226,-0.383,-0.36,0.703,0.553,0.248
"POS",0.403,0.226,1,0.519,0.38,0.118,0.092,0.301
"LS",0.148,-0.383,0.519,1,0.673,-0.31,-0.264,0.099
"UI",0.212,-0.36,0.38,0.673,1,-0.227,-0.092,0.088
"UC",0.272,0.703,0.118,-0.31,-0.227,1,0.482,0.238
"DI",0.467,0.553,0.092,-0.264,-0.092,0.482,1,0.4
"DC",0.43,0.248,0.301,0.099,0.088,0.238,0.4,1
