,SCO,RD,POS,LS,UI,UC,DI,DC
SCO,1.00,.52,.54,.01,-.40,.54,-.39,.55
RD,.52,.88,.01,-.72,-.11,1.00,-.01,-.02
POS,.54,.01,.87,.70,-.11,.03,-.01,1.00
LS,.01,-.72,.70,.77,.00,-.73,.00,.72
UI,-.40,-.11,-.11,.00,.81,-.11,.89,-.12
UC,.54,1.00,.03,-.73,-.11,.85,.00,-.02
DI,-.39,-.01,-.01,.00,.89,.00,.78,-.03
DC,.55,-.02,1.00,.72,-.12,-.02,-.03,.87
