,SCO,RD,POS,LS,UI,UC,DI,DC
SCO,0.998,0.522,0.544,0.005,-0.402,0.543,-0.386,0.545
RD,0.522,0.877,0.009,-0.716,-0.109,1.003,-0.005,-0.018
POS,0.544,0.009,0.869,0.696,-0.114,0.026,-0.009,1
LS,0.005,-0.716,0.696,0.77,0.002,-0.727,-0.003,0.715
UI,-0.402,-0.109,-0.114,0.002,0.805,-0.106,0.894,-0.121
UC,0.543,1.003,0.026,-0.727,-0.106,0.846,-0.001,-0.021
DI,-0.386,-0.005,-0.009,-0.003,0.894,-0.001,0.778,-0.03
DC,0.545,-0.018,1,0.715,-0.121,-0.021,-0.03,0.867
